<?xml version="1.0" standalone="no"?>
<!DOCTYPE svg PUBLIC "-//W3C//DTD SVG 20010904//EN"
 "http://www.w3.org/TR/2001/REC-SVG-20010904/DTD/svg10.dtd">
<svg version="1.0" xmlns="http://www.w3.org/2000/svg"
 width="2435.000000pt" height="1569.000000pt" viewBox="0 0 2435.000000 1569.000000"
 preserveAspectRatio="xMidYMid meet">

<g transform="translate(0.000000,1569.000000) scale(0.100000,-0.100000)"
fill="#000000" stroke="none">
<path d="M16050 15530 c-63 -4 -132 -8 -153 -9 -29 -1 -40 -6 -47 -23 -5 -13
-16 -138 -25 -278 -9 -140 -22 -329 -30 -420 -8 -91 -17 -226 -20 -300 -7
-153 3 -188 62 -223 43 -25 216 -37 229 -16 5 8 16 106 24 219 l15 205 31 3
c52 5 80 -29 110 -131 65 -227 142 -319 269 -320 94 -2 215 84 200 142 -4 14
-56 98 -117 185 l-111 160 24 15 c13 9 49 40 80 69 72 67 104 137 120 260 21
168 -14 288 -111 375 -80 72 -139 90 -300 92 -74 2 -187 -1 -250 -5z m290
-278 c45 -22 70 -72 70 -137 -1 -89 -33 -151 -95 -182 -39 -21 -161 -22 -179
-2 -10 11 -10 47 -3 164 5 83 14 156 19 163 16 19 146 16 188 -6z"/>
<path d="M17991 15501 c-20 -22 -108 -134 -196 -250 -88 -116 -166 -210 -173
-211 -10 0 -12 10 -8 38 3 20 7 107 9 192 2 130 -1 160 -15 186 -28 50 -72 65
-185 62 l-98 -3 -7 -45 c-12 -70 -70 -902 -72 -1020 -1 -87 2 -111 17 -134 26
-40 79 -58 184 -64 90 -5 92 -4 102 19 6 13 17 123 26 244 14 201 17 221 36
238 43 35 52 24 94 -111 51 -164 103 -270 161 -332 76 -81 165 -96 265 -45 44
23 89 72 89 97 0 14 -71 133 -170 287 -93 144 -170 268 -170 275 0 8 26 35 58
61 87 73 220 205 252 250 41 60 46 96 19 152 -13 26 -46 71 -74 100 -65 67
-93 70 -144 14z"/>
<path d="M14656 15510 c-39 -19 -52 -43 -138 -247 -192 -460 -318 -843 -301
-916 8 -29 31 -56 68 -74 41 -22 194 -29 218 -11 12 9 28 55 46 132 16 65 35
122 42 127 8 5 70 9 139 9 150 0 164 -6 174 -77 4 -27 18 -71 32 -100 34 -70
80 -93 207 -100 113 -7 137 2 137 52 0 76 -244 1064 -280 1136 -30 58 -77 76
-209 81 -80 3 -111 0 -135 -12z m160 -495 c19 -114 32 -211 28 -216 -5 -9
-194 -13 -194 -4 0 5 61 226 106 384 8 29 18 51 21 48 3 -3 20 -99 39 -212z"/>
<path d="M12383 15508 c-6 -7 -13 -71 -17 -143 -4 -71 -20 -294 -36 -495 -35
-430 -37 -492 -12 -540 26 -53 67 -71 174 -76 55 -3 99 -1 108 5 13 9 15 72
18 443 2 238 5 439 8 447 11 32 25 -14 68 -224 118 -568 129 -605 182 -640 37
-24 150 -40 199 -29 35 8 43 16 67 64 15 30 85 228 155 440 150 450 149 450
107 22 -34 -355 -36 -442 -9 -472 35 -39 74 -52 176 -57 96 -6 98 -5 108 18
16 38 73 909 69 1051 -5 191 -16 198 -291 198 -153 0 -187 -3 -197 -15 -7 -9
-48 -145 -90 -303 -140 -521 -154 -572 -161 -572 -7 0 -18 62 -64 370 -47 313
-65 386 -112 449 -46 60 -86 71 -274 71 -122 0 -169 -3 -176 -12z"/>
<path d="M18811 15507 c-11 -14 -78 -860 -83 -1057 -3 -119 6 -145 65 -177 28
-16 63 -18 319 -18 l288 0 25 26 c19 19 28 43 36 92 6 36 9 79 7 94 l-3 28
-205 5 -205 5 3 110 c4 167 -5 155 112 155 112 0 142 8 166 45 20 30 35 162
22 187 -7 15 -27 18 -141 20 l-132 3 4 105 c2 58 7 112 12 121 7 14 33 17 161
21 88 2 162 9 174 16 32 17 46 64 48 150 l1 77 -331 3 c-269 2 -333 0 -343
-11z"/>
<path d="M20009 15505 c-37 -20 -54 -68 -54 -155 l0 -75 145 -5 145 -5 3 -31
c2 -17 -8 -179 -22 -359 -31 -396 -33 -515 -9 -556 25 -41 72 -60 171 -66 116
-8 115 -10 123 171 11 257 51 801 60 824 8 21 14 22 111 22 123 0 172 12 195
46 16 25 35 165 25 192 -7 19 -857 17 -893 -3z"/>
<path d="M10390 14953 c-171 -7 -528 -36 -720 -59 -1642 -196 -3113 -809
-4164 -1737 -107 -95 -246 -229 -246 -238 0 -3 33 -9 73 -12 182 -14 554 -70
836 -127 154 -31 198 -37 215 -28 11 6 59 43 106 82 469 391 1037 740 1670
1025 425 192 1028 414 1455 536 645 184 1337 310 1955 356 209 16 210 16 210
73 0 25 -5 48 -10 51 -15 9 -240 41 -380 54 -284 27 -687 36 -1000 24z"/>
<path d="M3223 12811 l-31 -6 35 -25 c234 -168 472 -389 628 -585 72 -89 189
-262 247 -363 12 -21 99 -190 193 -377 200 -396 285 -547 441 -780 170 -256
278 -388 484 -595 563 -566 1184 -781 1862 -645 132 26 349 91 359 107 3 5 9
53 12 106 4 53 17 138 30 187 13 50 24 92 25 95 0 3 5 18 11 33 16 43 14 52
-31 140 -236 461 -467 781 -775 1077 -119 114 -283 250 -302 250 -5 0 -11 4
-13 9 -10 26 -281 188 -449 268 -99 47 -118 70 -61 75 20 2 44 0 52 -4 8 -3
51 -16 95 -28 153 -42 383 -145 535 -238 374 -230 710 -553 1115 -1071 l40
-51 24 33 c32 43 227 233 255 249 13 7 61 35 106 63 46 27 115 64 154 82 l71
32 3 48 c7 110 -51 357 -119 503 -40 86 -97 182 -111 188 -5 2 -8 8 -8 13 0
17 -90 128 -173 211 -547 556 -1692 889 -3352 978 -481 25 -1266 38 -1352 21z"/>
<path d="M4070 11233 c-591 -1221 -846 -2700 -714 -4143 158 -1732 830 -3337
1882 -4502 1186 -1311 2736 -2056 4777 -2297 1164 -138 2639 -83 3610 135 664
149 1470 454 2069 783 1196 657 2074 1559 2675 2751 390 772 599 1488 756
2585 110 775 162 1367 172 1980 10 651 -30 1113 -131 1516 -129 513 -372 827
-691 894 -166 35 -387 10 -560 -62 -407 -170 -715 -617 -921 -1332 -106 -369
-155 -650 -259 -1486 -83 -665 -166 -1267 -191 -1379 -25 -113 -87 -230 -158
-302 -81 -80 -133 -107 -211 -107 -69 -1 -164 39 -228 95 l-38 33 10 155 c14
209 2 373 -31 438 -41 80 -109 112 -233 112 -144 -1 -284 -39 -505 -137 -207
-91 -288 -115 -416 -121 -94 -4 -122 -1 -180 16 -174 53 -293 194 -358 424
-63 219 -35 412 82 571 175 238 424 393 735 457 198 41 313 35 415 -20 28 -15
54 -25 56 -21 18 28 39 202 43 352 10 342 -39 584 -141 697 -56 61 -77 65
-325 59 -166 -4 -236 -10 -301 -25 -302 -71 -524 -226 -725 -507 -163 -229
-278 -532 -331 -880 -26 -169 -27 -593 -1 -785 37 -273 91 -471 173 -633 51
-102 72 -134 183 -276 44 -58 81 -108 81 -113 0 -11 -241 -126 -385 -183 -378
-150 -609 -132 -818 64 -93 88 -147 156 -212 268 -41 71 -47 87 -42 125 2 24
43 144 90 268 102 269 171 488 193 613 43 246 -28 471 -205 647 -89 88 -172
133 -279 152 -81 14 -193 1 -219 -25 -8 -8 -38 -118 -68 -244 -276 -1193 -718
-2267 -1241 -3013 -241 -345 -561 -702 -755 -843 -32 -23 -59 -49 -59 -57 0
-28 126 -137 185 -159 194 -73 468 -9 710 164 432 309 894 933 1321 1786 57
115 109 207 114 204 6 -4 10 -17 10 -31 0 -44 41 -215 77 -318 62 -182 152
-345 242 -439 226 -240 573 -299 1001 -170 389 117 756 313 1120 598 137 107
246 181 351 237 131 71 121 73 159 -34 79 -228 201 -409 353 -524 172 -131
446 -208 605 -171 121 28 327 178 435 316 103 132 197 346 246 561 43 189 95
542 211 1450 96 739 154 1056 266 1446 179 624 440 967 735 966 184 0 297
-160 340 -482 15 -113 6 -641 -15 -860 -95 -983 -150 -1405 -247 -1915 -215
-1129 -628 -2075 -1292 -2960 -268 -356 -694 -818 -1060 -1148 -615 -555
-1290 -1012 -2007 -1361 -405 -197 -744 -309 -1225 -405 -685 -137 -1526 -168
-2280 -86 -1909 210 -3539 1146 -4716 2707 -378 502 -660 1008 -894 1603 -614
1562 -677 3546 -165 5204 28 88 50 171 50 184 0 12 -30 63 -66 112 -151 205
-289 432 -459 755 -53 102 -101 189 -105 193 -4 5 -36 -49 -70 -120z"/>
<path d="M12655 10545 c-267 -51 -502 -246 -746 -618 -202 -308 -369 -703
-641 -1522 -450 -1353 -528 -1564 -698 -1910 -54 -110 -141 -269 -192 -353
-51 -85 -97 -161 -103 -171 -68 -116 -260 -355 -398 -498 -208 -215 -411 -367
-640 -478 -454 -222 -969 -272 -1527 -148 -664 147 -1198 490 -1617 1039 -482
633 -771 1461 -893 2554 -11 104 -40 455 -40 498 -1 26 -1 26 -13 7 -17 -29
-23 -976 -8 -1230 75 -1231 406 -2227 963 -2898 83 -101 280 -299 365 -367
l72 -58 88 44 c111 55 195 72 323 63 120 -8 205 -41 309 -120 132 -99 220
-223 281 -396 34 -96 40 -108 66 -115 60 -16 335 -59 360 -56 21 2 30 15 56
78 77 185 183 302 355 389 176 88 391 80 562 -21 56 -34 192 -160 228 -212
l20 -29 79 43 c330 180 627 462 897 849 41 58 86 126 99 151 14 25 45 77 68
115 59 96 188 346 250 485 125 277 261 649 429 1170 222 688 406 1236 461
1375 77 192 228 498 319 644 165 263 363 490 516 588 44 29 88 60 98 70 9 10
57 59 105 108 68 72 104 100 167 132 150 77 286 99 433 69 168 -34 283 -108
402 -258 21 -26 40 -44 44 -41 11 11 6 157 -9 256 -55 369 -305 683 -605 760
-86 23 -206 28 -285 12z"/>
</g>
</svg>
